time,x,y
0,0.44899,-7.3566
0.005,0.42711,-7.2462
0.01,0.45593,-7.2294
0.015,0.49051,-7.2752
0.02,0.46169,-7.2636
0.025,0.52549,-7.252
0.03,0.51934,-7.2641
0.035,0.53625,-7.3331
0.04,0.43745,-7.3565
0.045,0.42095,-7.281
0.05,0.50858,-7.1886
0.055,0.51203,-7.4374
0.06,0.42671,-7.264
0.065,0.4786,-7.3156
0.07,0.55855,-7.4371
0.075,0.48436,-7.3157
0.08,0.46668,-7.3503
0.085,0.381,-7.2231
0.09,0.41976,-7.3798
0.095,0.31761,-7.1657
0.1,0.44322,-7.3509
0.105,0.39749,-7.2815
0.11,0.43903,-7.1774
0.115,0.35835,-7.1426
0.12,0.2534,-7.2291
0.125,0.22994,-7.2467
0.13,0.37403,-7.3162
0.135,0.31022,-7.3391
0.14,0.26493,-7.2292
0.145,0.33864,-7.3855
0.15,0.36747,-7.4312
0.155,0.4786,-7.2929
0.16,0.34561,-7.2868
0.165,0.42134,-7.2405
0.17,0.34066,-7.1887
0.175,0.35098,-7.3046
0.18,0.29828,-7.3681
0.185,0.35218,-7.2115
0.19,0.3621,-7.3793
0.195,0.35258,-7.1539
0.2,0.37323,-7.4086
0.205,0.30941,-7.4428
0.21,0.27686,-7.2002
0.215,0.32215,-7.3043
0.22,0.31103,-7.2467
0.225,0.32711,-7.3968
0.23,0.41518,-7.2753
0.235,0.43706,-7.397
0.24,0.39789,-7.241
0.245,0.3625,-7.3161
0.25,0.3806,-7.2579
0.255,0.25299,-7.2583
0.26,0.31679,-7.2638
0.265,0.38556,-7.3504
0.27,1.2258,-7.2352
0.275,2.1056,-7.1138
0.28,2.643,-7.1253
0.285,2.7868,-7.356
0.29,3.0008,-7.27
0.295,3.4107,-7.4665
0.3,3.1798,-7.3565
0.305,3.2081,-7.5989
0.31,3.353,-7.4145
0.315,3.3993,-7.4486
0.32,3.4509,-7.5994
0.325,3.5784,-7.5179
0.33,3.5206,-7.4951
0.335,3.561,-7.5008
0.34,3.5263,-7.4951
0.345,3.4742,-7.5525
0.35,3.3818,-7.4834
0.355,3.5377,-7.645
0.36,3.445,-7.6861
0.365,3.5204,-7.5875
0.37,3.4452,-7.5759
0.375,3.457,-7.5006
0.38,3.4569,-7.5298
0.385,3.4451,-7.6221
0.39,3.4799,-7.5703
0.395,3.4452,-7.5646
0.4,3.4105,-7.5588
0.405,3.4738,-7.7437
0.41,3.4565,-7.7032
0.415,3.3581,-7.7378
0.42,3.3871,-7.7087
0.425,3.3411,-7.6162
0.43,3.3239,-7.5181
0.435,3.3125,-7.4662
0.44,3.3759,-7.5872
0.445,3.3117,-7.7725
0.45,3.3234,-7.7377
0.455,3.2251,-7.6977
0.46,3.7804,-7.7378
0.465,4.8041,-7.6221
0.47,6.1509,-7.4027
0.475,6.9834,-7.3334
0.48,7.7683,-7.0845
0.485,8.722,-7.4838
0.49,9.4527,-7.4948
0.495,9.4554,-7.2346
0.5,9.8687,-7.3273
0.505,9.7221,-7.1947
0.51,9.833,-7.2637
0.515,10.024,-7.2465
0.52,10.042,-7.2406
0.525,10.066,-7.3505
0.53,10.037,-7.2642
0.535,10.003,-7.3619
0.54,9.8963,-7.2118
0.545,9.9659,-7.1833
0.55,9.9549,-7.2751
0.555,10.042,-7.2584
0.56,9.9791,-7.3103
0.565,10.037,-7.2812
0.57,10.001,-7.229
0.575,9.9095,-7.3389
0.58,9.9555,-7.2758
0.585,9.99,-7.2754
0.59,10.112,-7.2526
0.595,10.06,-7.3101
0.6,10.055,-7.3506
0.605,10.09,-7.3623
0.61,10.061,-7.3676
0.615,10.103,-7.4432
0.62,10.032,-7.368
0.625,9.9969,-7.3336
0.63,10.085,-7.4029
0.635,10.043,-7.3849
0.64,10.003,-7.3619
0.645,10.154,-7.4084
0.65,10.17,-7.2867
0.655,10.099,-7.5932
0.66,10.19,-7.4833
0.665,10.119,-7.3911
0.67,10.105,-7.6279
0.675,10.018,-7.6283
0.68,10.106,-7.6571
0.685,9.9986,-7.4722
0.69,10.07,-7.6454
0.695,10.202,-7.4831
0.7,10.045,-7.5007
0.705,9.4244,-7.5299
0.71,8.0852,-7.5703
0.715,7.4287,-7.3043
0.72,7.0593,-7.4545
0.725,6.5907,-7.4605
0.73,6.3545,-7.6514
0.735,6.1801,-7.478
0.74,6.2728,-7.5124
0.745,6.3019,-7.5358
0.75,6.2959,-7.5123
0.755,6.389,-7.6277
0.76,6.3592,-7.4431
0.765,6.4761,-7.6572
0.77,6.2385,-7.6106
0.775,6.2963,-7.5876
0.78,6.3194,-7.5932
0.785,6.3772,-7.5873
0.79,6.4527,-7.6566
0.795,6.435,-7.5756
0.8,6.4821,-7.6977
0.805,6.3716,-7.6221
0.81,6.4011,-7.7379
0.815,6.4003,-7.5701
0.82,6.3724,-7.7842
0.825,6.3881,-7.4203
0.83,6.2905,-7.5877
0.835,6.3252,-7.5762
0.84,6.3306,-7.4894
0.845,6.2212,-7.605
0.85,6.3188,-7.4717
0.855,6.3477,-7.4659
0.86,6.3601,-7.6165
0.865,6.3196,-7.6224
0.87,6.2959,-7.4953
0.875,6.4459,-7.4257
0.88,6.3365,-7.5356
0.885,6.3483,-7.5761
0.89,6.371,-7.4836
0.895,6.2495,-7.489
0.9,6.5919,-7.6972
0.905,8.0286,-7.7151
0.91,9.7725,-7.4955
0.915,11.051,-7.4547
0.92,12.349,-7.3908
0.925,13.9,-7.9517
0.93,15.288,-7.755
0.935,16.135,-7.443
0.94,17.122,-7.6162
0.945,18.055,-7.5879
0.95,18.532,-7.6164
0.955,18.641,-7.5121
0.96,18.783,-7.6222
0.965,18.818,-7.784
0.97,18.96,-7.7093
0.975,18.996,-7.7437
0.98,18.976,-7.8247
0.985,19.006,-7.8479
0.99,19.028,-7.929
0.995,18.876,-7.8882
1,19.03,-7.6914
1.005,19.091,-7.8481
1.01,19.074,-7.8828
1.015,19.147,-7.9118
1.02,19.094,-7.9461
1.025,19.033,-7.7497
1.03,18.925,-7.7608
1.035,19.043,-7.8766
1.04,19.079,-7.8769
1.045,19.093,-7.7613
1.05,19.055,-7.7091
1.055,19.065,-7.6569
1.06,19.118,-7.6339
1.065,18.949,-7.721
1.07,19.228,-7.8651
1.075,19.191,-7.6856
1.08,19.388,-7.9866
1.085,19.187,-7.732
1.09,19.335,-7.8304
1.095,19.464,-7.7439
1.1,19.318,-7.6973
1.105,19.413,-7.8308
1.11,19.36,-7.8538
1.115,19.322,-7.6339
1.12,19.428,-7.8944
1.125,19.334,-7.674
1.13,19.249,-7.7841
1.135,19.314,-7.7493
1.14,19.337,-7.7436
1.145,19.43,-7.8189
1.15,19.431,-7.6972
1.155,19.471,-7.7898
1.16,19.368,-7.7498
1.165,19.366,-7.8593
1.17,19.323,-7.663
1.175,19.315,-7.5879
1.18,19.589,-8.0733
1.185,20.713,-8.0215
1.19,22.489,-7.8998
1.195,22.89,-7.4604
1.2,23.171,-7.4664
1.205,22.963,-7.4547
1.21,23.231,-7.3387
1.215,23.358,-7.4027
1.22,23.394,-7.53
1.225,23.499,-7.5585
1.23,23.66,-7.7035
1.235,23.568,-7.5991
1.24,23.557,-7.5006
1.245,23.513,-7.6048
1.25,23.425,-7.4313
1.255,23.513,-7.4718
1.26,23.466,-7.5121
1.265,23.473,-7.524
1.27,23.44,-7.5993
1.275,23.49,-7.6108
1.28,23.603,-7.6688
1.285,23.382,-7.5127
1.29,23.579,-7.6975
1.295,23.546,-7.5068
1.3,23.468,-7.6629
1.305,23.693,-7.7669
1.31,23.459,-7.5936
1.315,23.46,-7.6568
1.32,23.462,-7.5472
1.325,23.645,-7.6799
1.33,23.484,-7.6451
1.335,23.442,-7.6398
1.34,23.59,-7.6573
1.345,23.649,-7.7381
1.35,23.543,-7.5816
1.355,23.501,-7.7093
1.36,23.682,-7.9345
1.365,23.724,-7.8944
1.37,23.501,-7.5989
1.375,23.69,-7.952
1.38,23.53,-7.819
1.385,23.598,-7.8362
1.39,23.559,-7.7844
1.395,23.706,-7.7955
1.4,23.508,-7.6278
1.405,23.506,-7.7147
1.41,23.527,-7.8711
1.415,23.416,-7.6223
1.42,23.49,-7.7438
1.425,23.413,-7.6687
1.43,23.552,-7.7839
1.435,23.493,-7.5474
1.44,24.906,-8.0212
1.445,25.852,-7.6393
1.45,25.958,-7.1429
1.455,26.503,-7.3391
1.46,26.544,-7.1828
1.465,26.804,-7.362
1.47,26.789,-7.3215
1.475,26.92,-7.4199
1.48,26.963,-7.287
1.485,26.798,-7.4606
1.49,26.944,-7.2985
1.495,26.809,-7.3277
1.5,26.973,-7.2409
1.505,26.82,-7.2987
1.51,26.964,-7.4086
1.515,26.787,-7.4895
1.52,26.902,-7.4371
1.525,26.897,-7.3392
1.53,27.092,-7.3506
1.535,26.784,-7.2462
1.54,26.911,-7.241
1.545,27.028,-7.5699
1.55,26.96,-7.2692
1.555,26.837,-7.1712
1.56,26.932,-7.1945
1.565,26.938,-7.143
1.57,26.86,-7.2349
1.575,26.698,-7.3507
1.58,26.875,-7.2698
1.585,26.825,-7.2871
1.59,26.713,-7.1771
1.595,27.044,-7.5179
1.6,26.817,-7.148
1.605,26.819,-7.1657
1.61,26.868,-7.1598
1.615,26.784,-7.2349
1.62,26.777,-7.2118
1.625,26.789,-7.2987
1.63,26.868,-7.1655
1.635,26.881,-6.9344
1.64,28.08,-7.0442
1.645,29.439,-7.1544
1.65,30.065,-6.9518
1.655,29.956,-6.848
1.66,29.861,-6.9691
1.665,30.111,-6.8426
1.67,30.191,-6.7849
1.675,30.008,-6.7556
1.68,30.127,-7.0211
1.685,30.101,-6.8944
1.69,30.078,-6.8309
1.695,30.163,-6.7502
1.7,30.24,-6.8656
1.705,30.207,-6.7613
1.71,30.222,-6.779
1.715,30.119,-6.7788
1.72,30.315,-6.8309
1.725,30.179,-6.6924
1.73,30.305,-6.7902
1.735,30.135,-6.7438
1.74,30.207,-6.767
1.745,30.186,-6.7325
1.75,30.16,-6.8136
1.755,30.207,-6.7272
1.76,30.281,-7.1082
1.765,30.225,-6.8592
1.77,30.251,-6.9518
1.775,30.271,-6.9692
1.78,30.336,-7.0619
1.785,30.204,-6.9173
1.79,30.086,-6.733
1.795,30.256,-6.9345
1.8,30.161,-6.6115
1.805,30.426,-7.2698
1.81,30.197,-6.9056
1.815,30.24,-6.9752
1.82,30.266,-6.9695
1.825,30.31,-6.9579
1.83,30.227,-6.9695
1.835,30.238,-6.8536
1.84,30.186,-6.9119
1.845,30.176,-6.8541
1.85,30.137,-6.8825
1.855,30.287,-7.0097
1.86,30.179,-6.8077
1.865,30.303,-6.7554
1.87,30.217,-6.8248
1.875,30.171,-6.8828
1.88,30.354,-6.8708
1.885,30.318,-7.102
1.89,30.284,-6.8483
1.895,30.372,-6.9289
1.9,30.16,-7.0329
1.905,30.328,-7.0672
1.91,30.263,-7.1597
1.915,30.385,-7.218
1.92,30.46,-6.9755
1.925,30.4,-7.1943
1.93,30.302,-6.848
1.935,30.413,-7.0904
1.94,30.253,-6.7958
1.945,30.367,-7.0332
1.95,30.374,-7.0733
1.955,30.395,-7.0038
1.96,30.292,-6.86
1.965,30.233,-6.9351
1.97,30.356,-6.9924
1.975,30.496,-7.1656
1.98,30.253,-6.9979
1.985,30.424,-7.0215
1.99,30.23,-6.8134
1.995,30.245,-7.0731
2,30.382,-7.0038
2.005,30.106,-7.2059
2.01,28.099,-7.2525
2.015,25.534,-6.8709
2.02,23.454,-6.9408
2.025,21.927,-6.9807
2.03,19.637,-7.0847
2.035,17.527,-7.0676
2.04,15.077,-7.3042
2.045,12.895,-7.5411
2.05,10.426,-7.6914
2.055,8.4255,-7.9982
2.06,6.1538,-8.0623
2.065,4.0868,-7.9812
2.07,2.0042,-7.7031
2.075,0.05291,-8.1314
2.08,-1.9034,-8.3048
2.085,-3.8599,-8.5719
2.09,-5.3658,-8.711
2.095,-7.0799,-8.6354
2.1,-8.3805,-8.873
2.105,-9.6568,-9.007
2.11,-11.217,-9.1291
2.115,-12.617,-9.2153
2.12,-13.365,-9.6573
2.125,-14.125,-9.6804
2.13,-14.494,-9.7036
2.135,-14.61,-9.6862
2.14,-14.623,-9.6809
2.145,-14.779,-9.7217
2.15,-14.866,-9.8434
2.155,-14.798,-9.9367
2.16,-14.669,-9.8604
2.165,-14.826,-9.8956
2.17,-14.835,-10.041
2.175,-14.767,-10.024
2.18,-14.753,-10.099
2.185,-14.69,-10.071
2.19,-14.629,-9.9778
2.195,-14.626,-10.14
2.2,-14.732,-10.065
2.205,-14.76,-10.012
2.21,-15.074,-9.9134
2.215,-16.279,-9.9429
2.22,-17.302,-10.216
2.225,-17.813,-10.316
2.23,-18.321,-10.391
2.235,-18.601,-10.566
2.24,-18.307,-10.694
2.245,-17.77,-10.758
2.25,-17.856,-10.566
2.255,-18.176,-10.554
2.26,-18.297,-10.642
2.265,-18.017,-10.677
2.27,-18.161,-10.677
2.275,-18.26,-10.718
2.28,-18.053,-10.752
2.285,-18.119,-10.711
2.29,-18.111,-10.705
2.295,-18.011,-10.694
2.3,-18.075,-10.63
2.305,-18.061,-10.689
2.31,-18.067,-10.84
2.315,-18.073,-10.781
2.32,-18.005,-10.787
2.325,-18.044,-10.799
2.33,-18.065,-10.805
2.335,-18.005,-10.782
2.34,-17.981,-10.81
2.345,-18.008,-10.735
2.35,-18.097,-10.752
2.355,-18.07,-10.647
2.36,-18.123,-10.747
2.365,-18.082,-10.729
2.37,-17.996,-10.682
2.375,-18.05,-10.734
2.38,-18.162,-10.776
2.385,-18.013,-10.794
2.39,-18.149,-10.618
2.395,-18.164,-10.647
2.4,-18.142,-10.671
2.405,-18.12,-10.653
2.41,-18.041,-10.677
2.415,-18.029,-10.77
2.42,-18.106,-10.706
2.425,-18.109,-10.811
2.43,-18.116,-10.677
2.435,-18.154,-10.606
2.44,-18.128,-10.595
2.445,-18.098,-10.682
2.45,-17.98,-10.717
2.455,-17.957,-10.822
2.46,-17.628,-10.799
2.465,-17.046,-10.496
2.47,-16.864,-10.14
2.475,-17.047,-10.146
2.48,-17.416,-10.304
2.485,-17.398,-10.403
2.49,-17.238,-10.292
2.495,-17.212,-10.274
2.5,-17.102,-10.298
2.505,-17.019,-10.28
2.51,-17.014,-10.228
2.515,-17.015,-10.158
2.52,-17.043,-10.368
2.525,-17.041,-10.321
2.53,-17.049,-10.345
2.535,-17.057,-10.461
2.54,-17.034,-10.332
2.545,-17.099,-10.339
2.55,-17.119,-10.385
2.555,-17.042,-10.432
2.56,-17.088,-10.379
2.565,-17.108,-10.391
2.57,-17.027,-10.419
2.575,-17.064,-10.408
2.58,-17.096,-10.484
2.585,-17.111,-10.356
2.59,-17.04,-10.408
2.595,-17.059,-10.507
2.6,-17.055,-10.455
2.605,-17.111,-10.263
2.61,-17.005,-10.46
2.615,-17.099,-10.356
2.62,-17.137,-10.373
2.625,-17.117,-10.519
2.63,-17.128,-10.484
2.635,-17.14,-10.397
2.64,-17.062,-10.35
2.645,-17.061,-10.437
2.65,-17.066,-10.437
2.655,-17.041,-10.344
2.66,-17.081,-10.472
2.665,-17.137,-10.373
2.67,-17.146,-10.473
2.675,-17.194,-10.449
2.68,-17.15,-10.537
2.685,-17.179,-10.414
2.69,-17.183,-10.489
2.695,-17.236,-10.42
2.7,-17.21,-10.403
2.705,-17.183,-10.309
2.71,-17.219,-10.373
2.715,-17.196,-10.467
2.72,-17.234,-10.397
2.725,-17.228,-10.403
2.73,-17.301,-10.281
2.735,-17.304,-10.42
2.74,-17.229,-10.339
2.745,-17.239,-10.402
2.75,-17.265,-10.408
2.755,-17.197,-10.403
2.76,-17.24,-10.315
2.765,-17.165,-10.321
2.77,-17.145,-10.222
2.775,-17.241,-10.257
2.78,-17.147,-10.409
2.785,-16.936,-10.373
2.79,-15.957,-10.344
2.795,-14.58,-10.176
2.8,-13.307,-10.024
2.805,-12.094,-9.6744
2.81,-11.351,-9.6805
2.815,-10.905,-9.8374
2.82,-10.802,-9.8144
2.825,-10.68,-9.9016
2.83,-10.391,-10.035
2.835,-10.348,-9.8786
2.84,-10.066,-9.8958
2.845,-10.132,-9.8846
2.85,-10.079,-10.036
2.855,-10.086,-10.065
2.86,-10.134,-9.9251
2.865,-10.23,-9.9419
2.87,-10.25,-9.96
2.875,-10.138,-10.03
2.88,-10.216,-9.9954
2.885,-10.152,-10.065
2.89,-10.227,-9.9836
2.895,-10.224,-9.9252
2.9,-10.203,-9.9892
2.905,-10.197,-9.9951
2.91,-10.251,-10
2.915,-10.212,-10.042
2.92,-10.25,-9.96
2.925,-10.266,-9.9536
2.93,-10.249,-9.8205
2.935,-10.406,-9.8207
2.94,-10.254,-9.9136
2.945,-10.29,-9.9423
2.95,-10.374,-9.9191
2.955,-10.306,-10.024
2.96,-10.293,-9.995
2.965,-10.295,-10.041
2.97,-10.314,-9.9366
2.975,-10.258,-10.024
2.98,-10.265,-10.03
2.985,-10.361,-10.036
2.99,-10.326,-10.047
2.995,-10.362,-9.9365
3,-10.302,-9.9079
3.005,-10.317,-10.001
3.01,-10.292,-9.9771
3.015,-10.303,-9.9427
3.02,-10.329,-9.9775
3.025,-10.24,-10.024
3.03,-10.228,-10.035
3.035,-10.286,-9.9773
3.04,-10.23,-10.059
3.045,-10.185,-9.9778
3.05,-10.214,-9.9662
3.055,-10.213,-9.9652
3.06,-10.365,-10.006
3.065,-10.329,-9.9775
3.07,-10.313,-10.041
3.075,-10.194,-9.9537
3.08,-10.291,-10.059
3.085,-10.248,-10.07
3.09,-10.243,-10.071
3.095,-10.251,-10.123
3.1,-10.255,-10.082
3.105,-10.309,-10.093
3.11,-10.247,-10.164
3.115,-10.17,-9.9537
3.12,-10.248,-10.053
3.125,-10.131,-10.012
3.13,-10.168,-10.024
3.135,-10.345,-9.9542
3.14,-10.158,-10.053
3.145,-10.178,-10.088
3.15,-10.117,-9.9484
3.155,-10.319,-10.024
3.16,-10.228,-10.03
3.165,-10.332,-10.047
3.17,-10.214,-9.9831
3.175,-10.324,-10.018
3.18,-10.285,-10.071
3.185,-10.316,-9.9601
3.19,-10.341,-9.9949
3.195,-10.324,-10.013
3.2,-10.372,-10.018
3.205,-10.22,-10.1
3.21,-9.4928,-10.083
3.215,-7.7984,-9.9952
3.22,-6.0336,-9.9426
3.225,-4.8483,-9.8084
3.23,-3.6941,-9.5179
3.235,-2.3789,-9.6979
3.24,-0.95353,-9.7909
3.245,0.15346,-9.9423
3.25,0.5038,-9.9189
3.255,0.24344,-9.7276
3.26,0.6188,-10.042
3.265,1.0037,-10.07
3.27,1.1968,-9.9945
3.275,1.1959,-10.093
3.28,1.2378,-9.977
3.285,1.2243,-10.163
3.29,1.1665,-10.117
3.295,1.225,-10.105
3.3,1.2082,-10.024
3.305,1.2485,-10.065
3.31,1.173,-10.047
3.315,1.2366,-10.099
3.32,1.2017,-10.071
3.325,1.0212,-10.048
3.33,1.1549,-10.1
3.335,1.1077,-10.158
3.34,1.0677,-10.088
3.345,1.0454,-9.9715
3.35,0.99861,-9.9889
3.355,1.1193,-10.152
3.36,1.2017,-10.077
3.365,1.0561,-10.082
3.37,0.9928,-9.972
3.375,1.2488,-10.041
3.38,1.0102,-10
3.385,1.1019,-10.158
3.39,1.109,-10.035
3.395,1.0041,-10.007
3.4,1.2427,-10.07
3.405,1.1012,-10.21
3.41,1.0137,-10.222
3.415,0.97195,-10.286
3.42,1.0085,-10.158
3.425,0.9846,-10.205
3.43,1.0486,-10.228
3.435,1.1597,-10.199
3.44,1.014,-10.187
3.445,1.108,-10.128
3.45,1.0899,-10.181
3.455,0.94494,-10.111
3.46,1.0273,-10.041
3.465,0.97332,-10.17
3.47,1.0961,-10.135
3.475,1.2124,-10.17
3.48,1.1552,-10.059
3.485,1.0041,-10.024
3.49,0.99657,-10.181
3.495,0.93912,-10.088
3.5,1.0024,-10.187
3.505,1.0547,-10.204
3.51,1.1306,-10.193
3.515,1.0903,-10.141
3.52,1.0848,-10.117
3.525,0.80654,-9.9654
3.53,0.07498,-10.129
3.535,-0.56241,-10.158
3.54,-0.74121,-10.013
3.545,-1.3483,-9.96
3.55,-2.2749,-9.7621
3.555,-2.9834,-9.7444
3.56,-2.8016,-10.012
3.565,-2.5071,-9.9367
3.57,-2.5468,-9.8671
3.575,-2.6175,-9.9072
3.58,-2.6666,-10
3.585,-2.6947,-9.9481
3.59,-2.7496,-9.7793
3.595,-2.6032,-9.768
3.6,-2.676,-9.8787
3.605,-2.6118,-9.896
3.61,-2.5706,-9.8789
3.615,-2.5091,-10.047
3.62,-2.569,-10.111
3.625,-2.5055,-10.123
3.63,-2.5408,-10.135
3.635,-2.616,-10.088
3.64,-2.4728,-10.245
3.645,-2.6146,-10.041
3.65,-2.5358,-10.175
3.655,-2.5408,-10.146
3.66,-2.5408,-10.129
3.665,-2.3422,-10.192
3.67,-2.3891,-10.17
3.675,-2.4874,-10.117
3.68,-2.5177,-10.164
3.685,-2.5922,-10.088
3.69,-2.5034,-10.03
3.695,-2.5387,-10.053
3.7,-2.554,-9.9367
3.705,-2.5071,-9.948
3.71,-2.5699,-9.8723
3.715,-2.5727,-9.9948
3.72,-2.5417,-9.9247
3.725,-2.611,-9.8612
3.73,-2.5323,-10.013
3.735,-2.5655,-9.9365
3.74,-2.5387,-10.059
3.745,-2.5091,-10.03
3.75,-2.5568,-10.059
3.755,-2.6254,-10
3.76,-2.5662,-9.9544
3.765,-2.5424,-9.9539
3.77,-2.5055,-10.129
3.775,-2.6109,-10.117
3.78,-2.5755,-10.123
3.785,-2.5748,-10.082
3.79,-2.5704,-10.147
3.795,-2.5408,-10.146
3.8,-2.5364,-10.222
3.805,-2.5422,-10.216
3.81,-2.5371,-10.234
3.815,-2.4735,-10.292
3.82,-2.5061,-10.175
3.825,-2.4677,-10.275
3.83,-2.5351,-10.141
3.835,-2.4504,-10.309
3.84,-2.4323,-10.286
3.845,-2.533,-10.064
3.85,-2.4606,-10.217
3.855,-2.4786,-10.245
3.86,-2.5133,-10.233
3.865,-2.5048,-10.105
3.87,-2.4606,-10.245
3.875,-1.8077,-10.112
3.88,-0.28676,-10.117
3.885,0.91448,-10.205
3.89,2.0686,-10.315
3.895,2.4779,-10.111
3.9,3.7652,-9.9948
3.905,4.924,-10.268
3.91,5.8149,-10.134
3.915,6.8467,-10.187
3.92,7.392,-10.49
3.925,7.5081,-10.437
3.93,7.7367,-10.496
3.935,7.7641,-10.361
3.94,8.0633,-10.467
3.945,8.1145,-10.361
3.95,8.2311,-10.344
3.955,8.1509,-10.455
3.96,8.109,-10.402
3.965,8.0105,-10.466
3.97,7.952,-10.449
3.975,8.0381,-10.321
3.98,8.0284,-10.484
3.985,8.052,-10.513
3.99,8.0164,-10.438
3.995,7.9644,-10.49
4,8.0218,-10.42
4.005,8.0567,-10.397
4.01,7.9862,-10.379
4.015,7.9683,-10.339
4.02,7.9276,-10.35
4.025,7.9393,-10.344
4.03,7.9644,-10.496
4.035,7.9516,-10.42
4.04,7.912,-10.513
4.045,7.8756,-10.403
4.05,7.8971,-10.251
4.055,7.9695,-10.437
4.06,7.9633,-10.403
4.065,7.8004,-10.455
4.07,7.9295,-10.508
4.075,7.7843,-10.583
4.08,7.8411,-10.438
4.085,7.8109,-10.367
4.09,7.7517,-10.275
4.095,7.7884,-10.42
4.1,7.7059,-10.362
4.105,7.7644,-10.39
4.11,7.7097,-10.175
4.115,7.7702,-10.379
4.12,7.7213,-10.181
4.125,7.7329,-10.169
4.13,7.6642,-10.292
4.135,7.7288,-10.321
4.14,7.9265,-10.268
4.145,7.6631,-10.187
4.15,7.7394,-10.228
4.155,7.75,-10.134
4.16,7.6241,-10.373
4.165,7.791,-10.157
4.17,7.6525,-10.292
4.175,7.7463,-10.327
4.18,7.6655,-10.403
4.185,7.6221,-10.164
4.19,7.7623,-10.193
4.195,7.6748,-10.187
4.2,7.6864,-10.175
4.205,7.738,-10.1
4.21,7.7808,-10.274
4.215,7.6819,-10.298
4.22,7.7227,-10.309
4.225,7.6648,-10.339
4.23,7.5827,-10.321
4.235,7.7517,-10.275
4.24,7.5882,-10.274
4.245,7.7398,-10.263
4.25,7.7339,-10.263
4.255,7.6655,-10.414
4.26,7.6535,-10.379
4.265,7.5869,-10.163
4.27,7.5882,-10.28
4.275,7.6932,-10.28
4.28,7.7572,-10.257
4.285,7.6819,-10.309
4.29,7.724,-10.42
4.295,7.7836,-10.531
4.3,7.8476,-10.507
4.305,7.7288,-10.338
4.31,7.711,-10.303
4.315,7.7894,-10.542
4.32,7.8018,-10.583
4.325,7.7497,-10.641
4.33,7.7956,-10.565
4.335,7.8124,-10.495
4.34,7.7473,-10.403
4.345,7.8538,-10.531
4.35,7.8,-10.432
4.355,7.7004,-10.397
4.36,7.6847,-10.549
4.365,7.6604,-10.484
4.37,7.7175,-10.362
4.375,7.6077,-10.449
4.38,7.6771,-10.391
4.385,7.6361,-10.391
4.39,7.7134,-10.513
4.395,8.325,-10.379
4.4,9.4705,-10.339
4.405,10.464,-10.257
4.41,10.521,-10.158
4.415,10.942,-10.385
4.42,12.305,-10.607
4.425,13.412,-10.367
4.43,14.229,-10.234
4.435,15.066,-10.304
4.44,16.236,-10.415
4.445,17.025,-10.047
4.45,17.596,-9.9546
4.455,18.354,-10.198
4.46,18.481,-9.9423
4.465,18.556,-9.878
4.47,18.618,-10.047
4.475,18.759,-10.1
4.48,18.972,-10.036
4.485,18.766,-10.006
4.49,18.808,-9.9952
4.495,18.621,-9.9773
4.5,18.763,-10.082
4.505,18.614,-10.077
4.51,18.529,-10.076
4.515,18.81,-10.036
4.52,18.636,-10.042
4.525,18.842,-10.094
4.53,18.63,-9.9363
4.535,18.773,-10.018
4.54,18.723,-9.861
4.545,18.794,-9.9487
4.55,18.738,-9.9132
4.555,18.766,-9.9894
4.56,18.69,-9.902
4.565,18.554,-9.9658
4.57,18.65,-9.8149
4.575,18.595,-9.9425
4.58,18.615,-9.838
4.585,18.637,-9.9427
4.59,18.613,-9.8032
4.595,18.519,-9.8494
4.6,19.036,-10.117
4.605,20.17,-10.355
4.61,21.492,-10.28
4.615,22.456,-10.444
4.62,22.697,-10.176
4.625,23.13,-10.024
4.63,23.826,-10.222
4.635,23.971,-9.9773
4.64,24.039,-9.9774
4.645,24.018,-10.129
4.65,24.171,-10.21
4.655,24.389,-10.397
4.66,24.423,-10.432
4.665,24.411,-10.373
4.67,24.2,-10.426
4.675,24.376,-10.402
4.68,24.186,-10.344
4.685,24.217,-10.251
4.69,24.322,-10.49
4.695,24.287,-10.548
4.7,24.365,-10.403
4.705,24.316,-10.513
4.71,24.254,-10.234
4.715,24.252,-10.193
4.72,24.173,-10.228
4.725,24.177,-10.286
4.73,24.166,-10.32
4.735,24.213,-10.192
4.74,24.071,-10.088
4.745,24.182,-10.17
4.75,24.08,-10.036
4.755,24.248,-10.24
4.76,24.22,-10.105
4.765,24.067,-10.129
4.77,24.108,-10.071
4.775,24.082,-10.158
4.78,24.067,-10.035
4.785,24.164,-10.006
4.79,24.17,-10.094
4.795,24.241,-10.112
4.8,24.289,-10.286
4.805,24.226,-10.193
4.81,24.425,-10.21
4.815,24.25,-10.286
4.82,24.24,-10.013
4.825,24.173,-9.954
4.83,24.207,-9.9777
4.835,24.122,-9.9191
4.84,24.059,-9.8961
4.845,24.124,-10.042
4.85,24.198,-10.14
4.855,24.311,-10.246
4.86,24.216,-10.047
4.865,24.27,-10.1
4.87,24.217,-10.245
4.875,24.233,-10.122
4.88,24.815,-10.373
4.885,26.541,-10.432
4.89,27.647,-10.345
4.895,27.86,-10.152
4.9,28.635,-10.193
4.905,28.819,-10.28
4.91,29.128,-10.076
4.915,29.058,-9.9832
4.92,29.144,-10.018
4.925,29.248,-10.1
4.93,29.164,-10.1
4.935,29.329,-10.012
4.94,29.267,-9.9539
4.945,29.362,-10.228
4.95,29.144,-9.9537
4.955,29.24,-10.088
4.96,29.224,-10.07
4.965,29.105,-9.9309
4.97,28.959,-10.035
4.975,29.072,-9.8491
4.98,29.076,-10.053
4.985,29.042,-10.03
4.99,28.937,-9.8318
4.995,29.167,-10.135
